# Row Sums
57.50
74.90
55.40
75.70
76.90
31.80
64.80
17.70
60.30
35.00
25.60
25.60
38.30
16.00
42.70
2.70
76.30
83.20
46.10
38.80
12.20
21.70
64.40
66.30
16.60
58.50
57.00
54.60
72.30
25.60
39.00
54.40
80.50
71.80
85.10
83.50
87.20
26.90
63.30
58.80
51.00
50.50
28.20
8.40
56.30
55.10
94.80
39.10
72.00
25.50
71.80
29.20
33.00
57.30
28.50
71.80
57.80
26.20
27.10
43.70
40.30
24.40
77.40
91.10
41.50
41.00
24.30
67.00
82.10
89.60
38.30
72.10
86.10
60.00
73.20
80.50
76.20
24.30
32.20
15.40
72.20
21.90
58.00
5.30
71.50
45.40
53.80
25.00
89.80
40.70
81.60
25.20
22.30
51.90
5.40
33.10
51.00
48.80
72.40
33.20
27.60
46.10
54.30
56.40
44.10
75.10
25.50
44.10
19.20
47.30
76.70
38.70
34.80
64.80
63.50
9.00
54.40
32.10
87.20
31.70
48.10
49.00
86.00
42.00
84.30
43.60
42.00
34.10
40.90
62.40
81.60
66.90
45.30
20.90
56.90
25.70
23.50
50.80
37.00
22.90
44.20
82.00
85.20
26.10
75.40
43.40
56.00
29.00
25.60
55.90
75.00
81.10
69.60
67.30
33.30
43.80
60.80
55.00
22.60
58.10
34.60
48.50
43.70
92.80
36.80
30.60
90.00
17.70
50.00
45.00
80.00
37.60
40.40
27.60
66.40
25.60
21.60
56.40
35.60
35.20
77.10
72.70
60.50
25.90
10.50
6.60
19.70
32.00
46.60
62.10
12.50
64.60
27.00
45.80
63.60
75.90
65.90
29.90
62.20
24.30
